# {'discount': 0.1, 'iterations': 1000}
0.000000000000000000e+00 0.000000000000000000e+00 0.000000000000000000e+00 0.000000000000000000e+00 0.000000000000000000e+00 0.000000000000000000e+00 0.000000000000000000e+00 0.000000000000000000e+00 0.000000000000000000e+00 0.000000000000000000e+00 0.000000000000000000e+00
0.000000000000000000e+00 -1.111111110979597028e+00 -1.111111109737462632e+00 -1.111111096783099939e+00 -1.111110981316788537e+00 -1.111110340364595439e+00 -1.111110981316788537e+00 -1.111111096783099939e+00 -1.111111109737462632e+00 -1.111111110979597028e+00 0.000000000000000000e+00
0.000000000000000000e+00 -1.111111109655330109e+00 -1.111111095747945976e+00 -1.111110948406967891e+00 -1.111109586816394046e+00 -1.111101509228245465e+00 -1.111109586816394046e+00 -1.111110948406967891e+00 -1.111111095747945754e+00 -1.111111109655330331e+00 0.000000000000000000e+00
0.000000000000000000e+00 -1.111111095016216632e+00 -1.111110939591536395e+00 -1.111109269766553886e+00 -1.111093278000524043e+00 -1.110991468648969249e+00 -1.111093278000524043e+00 -1.111109269766553886e+00 -1.111110939591536395e+00 -1.111111095016216632e+00 0.000000000000000000e+00
0.000000000000000000e+00 -1.111110933376737053e+00 -1.111109199296358652e+00 -1.111090344882915470e+00 -1.110903382704608200e+00 -1.109620038611984327e+00 -1.110903382704608200e+00 -1.111090344882915248e+00 -1.111109199296358652e+00 -1.111110933376737053e+00 0.000000000000000000e+00
0.000000000000000000e+00 -1.111109150625075648e+00 -1.111089831422025664e+00 -1.110877738286320637e+00 -1.108703485870738525e+00 -1.092524636973651875e+00 -1.108703485870738525e+00 -1.110877738286320637e+00 -1.111089831422025664e+00 -1.111109150625075870e+00 0.000000000000000000e+00
0.000000000000000000e+00 -1.111089510057559515e+00 -1.110874531661396158e+00 -1.108497563917411277e+00 -1.083368276476734726e+00 -8.793820907029622491e-01 -1.083368276476734726e+00 -1.108497563917411277e+00 -1.110874531661396158e+00 -1.111089510057559515e+00 0.000000000000000000e+00
0.000000000000000000e+00 -1.110873370504626534e+00 -1.108483261520579966e+00 -1.081939197950373410e+00 -7.936184991316364012e-01 1.778565935332155679e+00 -7.936184991316364012e-01 -1.081939197950373410e+00 -1.108483261520579966e+00 -1.110873370504626756e+00 0.000000000000000000e+00
0.000000000000000000e+00 -1.108497552304682054e+00 -1.081939197950373410e+00 -7.864772542981397496e-01 2.492690418681821729e+00 3.493047881643484942e+01 2.492690418681821729e+00 -7.864772542981397496e-01 -1.081939197950373410e+00 -1.108497552304682054e+00 0.000000000000000000e+00
0.000000000000000000e+00 -1.083368276360584082e+00 -7.936184991316364012e-01 2.492690418681821729e+00 3.939063003825567932e+01 4.485078126007651349e+02 3.939063003825567932e+01 2.492690418681821729e+00 -7.936184991316364012e-01 -1.083368276360584304e+00 0.000000000000000000e+00
0.000000000000000000e+00 -8.793820907006392185e-01 1.778565935332155679e+00 3.493047881643484942e+01 4.485078126007651349e+02 5.090000000000000000e+02 4.485078126007651349e+02 3.493047881643484942e+01 1.778565935332155679e+00 -8.793820907006392185e-01 0.000000000000000000e+00
0.000000000000000000e+00 -1.083368276360584304e+00 -7.936184991316364012e-01 2.492690418681821729e+00 3.939063003825567932e+01 4.485078126007651349e+02 3.939063003825567932e+01 2.492690418681821729e+00 -7.936184991316364012e-01 -1.083368276360584082e+00 0.000000000000000000e+00
0.000000000000000000e+00 -1.108497552304682054e+00 -1.081939197950373410e+00 -7.864772542981397496e-01 2.492690418681821729e+00 3.493047881643484942e+01 2.492690418681821729e+00 -7.864772542981397496e-01 -1.081939197950373410e+00 -1.108497552304682054e+00 0.000000000000000000e+00
0.000000000000000000e+00 -1.110873370504626756e+00 -1.108483261520579966e+00 -1.081939197950373410e+00 -7.936184991316364012e-01 1.778565935332155679e+00 -7.936184991316364012e-01 -1.081939197950373410e+00 -1.108483261520579966e+00 -1.110873370504626534e+00 0.000000000000000000e+00
0.000000000000000000e+00 -1.111089510057559515e+00 -1.110874531661396158e+00 -1.108497563917411277e+00 -1.083368276476734726e+00 -8.793820907029622491e-01 -1.083368276476734726e+00 -1.108497563917411277e+00 -1.110874531661396158e+00 -1.111089510057559515e+00 0.000000000000000000e+00
0.000000000000000000e+00 -1.111109150625075870e+00 -1.111089831422025664e+00 -1.110877738286320637e+00 -1.108703485870738525e+00 -1.092524636973651875e+00 -1.108703485870738525e+00 -1.110877738286320637e+00 -1.111089831422025664e+00 -1.111109150625075648e+00 0.000000000000000000e+00
0.000000000000000000e+00 -1.111110933376737053e+00 -1.111109199296358652e+00 -1.111090344882915248e+00 -1.110903382704608200e+00 -1.109620038611984327e+00 -1.110903382704608200e+00 -1.111090344882915470e+00 -1.111109199296358652e+00 -1.111110933376737053e+00 0.000000000000000000e+00
0.000000000000000000e+00 -1.111111095016216632e+00 -1.111110939591536395e+00 -1.111109269766553886e+00 -1.111093278000524043e+00 -1.110991468648969249e+00 -1.111093278000524043e+00 -1.111109269766553886e+00 -1.111110939591536395e+00 -1.111111095016216632e+00 0.000000000000000000e+00
0.000000000000000000e+00 -1.111111109655330331e+00 -1.111111095747945754e+00 -1.111110948406967891e+00 -1.111109586816394046e+00 -1.111101509228245465e+00 -1.111109586816394046e+00 -1.111110948406967891e+00 -1.111111095747945976e+00 -1.111111109655330109e+00 0.000000000000000000e+00
0.000000000000000000e+00 -1.111111110979597028e+00 -1.111111109737462632e+00 -1.111111096783099939e+00 -1.111110981316788537e+00 -1.111110340364595439e+00 -1.111110981316788537e+00 -1.111111096783099939e+00 -1.111111109737462632e+00 -1.111111110979597028e+00 0.000000000000000000e+00
0.000000000000000000e+00 0.000000000000000000e+00 0.000000000000000000e+00 0.000000000000000000e+00 0.000000000000000000e+00 0.000000000000000000e+00 0.000000000000000000e+00 0.000000000000000000e+00 0.000000000000000000e+00 0.000000000000000000e+00 0.000000000000000000e+00
